17  16  15  14  13
18   5   4   3  12
19   6   1   2  11
20   7   8   9  10
21  22  23---> ...


#    2 3 4 5 6 7 8 9 10 11 12 13 14 15 16 17 18 19 20 21        26              31
dist 1 2 1 2 1 2 1 2 3  2  3  4  3  2  3  4   3  2  3  4 3 2 3 4 5  4  3  4  5   6
       2       4              6                        8                        10
                                                         3 2 3 4 5  4  3  4  5   6

next 3         3
- 1            1
+ 1            2
+ 1 (3)        3

- 1
+ 1
+ 1

next 4         4    step

-1             3     1     -1     4 - 1
-1             2     2     -2     2
+1             3     3     -1     3
+1 (4)         4     4     -0     4

-1
-1
+1
+1 

next 5           5

-1

-1

+1
 
+1

+1



==


Next 6
3 is 3
6 = 1/2 + 1

Next is 8
4 is 4
8 = 1/2 

Next 10
5 is 5
10 is 1/2 + 1